21
1
1
1
19.99
19.99
2024-05-19 11:11:50
2
1
1
19.99
19.99
2024-05-19 11:11:52
3
5
1
99.99
99.99
2024-05-19 11:12:13
4
1
1
19.99
19.99
2024-05-19 11:14:19
5
1
1
19.99
19.99
2024-05-19 11:14:21
6
5
1
99.99
99.99
2024-05-19 11:14:36
7
5
1
99.99
99.99
2024-05-19 11:14:46
8
5
1
99.99
99.99
2024-05-19 11:15:23
9
2
5
29.99
149.95
2024-05-19 11:16:10
10
1
1
19.99
19.99
2024-05-19 12:06:41
11
1
1
19.99
19.99
2024-05-19 12:08:09
12
5
0
99.99
0.0
2024-05-19 12:09:00
13
5
0
99.99
0.0
2024-05-19 12:09:21
14
1
-1
19.99
-19.99
2024-05-19 12:09:48
15
1
-1
-1.0
1.0
2024-05-19 12:37:24
16
1
-1
-1.0
1.0
2024-05-19 12:37:49
17
1
1
-1.0
-1.0
2024-05-19 12:38:00
18
1
-1
-1.0
1.0
2024-05-19 12:38:31
19
1
1
-1.0
-1.0
2024-05-19 12:38:46
20
1
-1
-1.0
1.0
2024-05-19 12:38:54
21
1
1
-1.0
-1.0
2024-05-19 12:38:57
